,TRPMILES,TRVLCMIN,STRTTIME,ENDTIME,WHYFROM,WHYTRP1S,DAY,VMT_MILE
0,2.216,15,1915,1930,1,50,0,2.216
1,2.254,10,2110,2120,16,1,0,-1.0
2,0.57,10,2310,2320,17,1,0,0.57
3,2.048,15,655,710,1,10,1,2.048
4,2.248,15,1700,1715,3,40,1,2.248
5,2.863,20,1740,1800,11,1,1,2.863
6,68.399,131,645,856,1,10,3,68.399
7,67.925,157,1500,1737,3,1,3,67.925
8,2.389,12,820,832,1,50,4,2.389
9,1.051,2,837,839,17,40,4,1.051
10,2.413,4,841,845,14,1,4,2.413
11,3.366,10,1830,1840,2,50,4,3.366
12,2.406,13,1842,1855,17,1,4,2.406
13,1.621,5,1000,1005,1,40,6,1.621
14,1.79,4,1020,1024,11,1,6,1.79
15,26.353,32,1130,1202,1,70,6,26.353
16,25.898,36,1603,1639,6,1,6,25.898
17,1.46,5,605,610,1,40,7,1.46
18,92.972,88,620,748,11,10,7,92.972
19,45.837,45,1545,1630,4,40,7,45.837
20,11.071,40,1700,1740,11,40,7,11.071
21,39.696,46,1935,2021,13,1,7,39.696
22,3.083,15,1400,1415,2,40,11,3.083
23,0.093,1,1417,1418,12,40,11,0.093
24,1.818,7,1435,1442,11,40,11,1.818
25,1.442,5,1453,1458,14,1,11,1.442
26,4.493,10,800,810,1,10,13,4.493
27,4.117,15,1145,1200,3,80,13,4.117
28,3.123,15,1300,1315,13,10,13,3.123
29,5.809,20,1700,1720,3,50,13,5.809
30,3.005,15,1945,2000,16,1,13,3.005
31,1.914,10,920,930,1,40,14,1.914
32,1.918,9,1006,1015,12,1,14,1.918
33,33.098,56,1410,1506,1,97,14,33.098
34,1.608,6,1529,1535,97,70,14,1.608
35,26.818,69,1538,1647,6,80,14,26.818
36,4.036,18,1840,1858,13,1,14,4.036
37,10.2,30,1000,1030,2,50,15,10.2
38,11.064,30,1530,1600,17,1,15,11.064
39,1.49,15,900,915,1,40,16,1.49
40,4.625,25,930,955,11,50,16,4.625
41,5.766,10,1200,1210,16,1,16,5.766
42,2.522,15,1230,1245,1,50,16,2.522
43,1.98,5,1730,1735,16,1,16,1.98
44,11.26,30,1010,1040,1,80,17,11.26
45,2.296,15,1115,1130,13,40,17,2.296
46,2.34,15,1215,1230,11,40,17,2.34
47,7.486,20,1245,1305,11,1,17,7.486
48,7.058,15,845,900,1,10,18,7.058
49,7.555,20,1800,1820,3,40,18,7.555
50,1.543,5,1850,1855,11,1,18,1.543
51,2.769,10,920,930,1,40,19,2.769
52,4.41,14,931,945,14,10,19,4.41
53,4.152,15,1945,2000,3,40,19,4.152
54,3.566,10,2030,2040,11,1,19,3.566
55,1.367,5,730,735,1,10,21,1.367
56,0.273,5,1600,1605,3,40,21,0.273
57,1.587,5,1615,1620,11,1,21,1.587
58,11.339,30,1400,1430,1,50,22,11.339
59,10.124,30,2400,2430,15,50,22,10.124
60,0.793,5,2625,2630,17,1,22,0.793
61,6.023,15,1200,1215,2,40,23,6.023
62,6.502,14,1216,1230,11,70,23,6.502
63,11.517,14,1231,1245,6,70,23,11.517
64,11.083,14,1246,1300,6,1,23,11.083
65,32.038,55,630,725,1,10,24,32.038
66,4.041,30,1500,1530,3,50,24,4.041
67,28.309,60,1700,1800,16,80,24,28.309
68,2.114,10,1815,1825,13,1,24,2.114
69,1.85,20,1220,1240,1,40,25,1.85
70,0.984,10,1310,1320,11,40,25,0.984
71,0.943,5,1327,1332,11,40,25,0.943
72,0.538,5,1345,1350,12,40,25,0.538
73,2.316,10,1354,1404,11,40,25,2.316
74,0.17,2,1436,1438,11,40,25,0.17
75,0.518,3,1507,1510,11,40,25,0.518
76,2.57,5,1515,1520,12,40,25,2.57
77,1.686,5,1522,1527,14,40,25,1.686
78,1.939,12,1535,1547,11,40,25,1.939
79,2.09,5,1635,1640,11,1,25,2.09
80,6.661,45,1045,1130,1,40,27,6.661
81,15.691,30,1200,1230,11,40,27,15.691
82,1.299,30,1315,1345,11,40,27,1.299
83,0.329,15,1415,1430,11,80,27,0.329
84,7.807,20,1500,1520,13,1,27,7.807
85,1.669,15,1930,1945,1,80,27,1.669
86,1.813,15,2015,2030,13,1,27,1.813
87,6.827,15,1420,1435,1,50,29,6.827
88,4.822,10,1645,1655,17,40,29,4.822
89,2.255,5,1730,1735,11,1,29,2.255
90,22.874,35,645,720,1,10,30,22.874
91,23.04,30,1630,1700,3,1,30,23.04
92,1.95,3,930,933,1,50,31,1.95
93,2.24,5,945,950,16,50,31,2.24
94,1.486,8,957,1005,15,50,31,1.486
95,2.926,13,1027,1040,15,1,31,2.926
96,2.478,2,2130,2132,1,50,31,2.478
97,2.312,10,2405,2415,15,50,31,2.312
98,2.537,4,2754,2758,15,1,31,2.537
99,1.475,6,1530,1536,1,40,32,1.475
100,1.626,5,1543,1548,12,40,32,1.626
101,1.767,5,1713,1718,16,1,32,1.767
102,30.46,45,620,705,1,10,33,30.46
103,30.264,55,1605,1700,3,1,33,30.264
104,1.685,10,1415,1425,1,40,34,1.685
105,2.056,5,1450,1455,12,40,34,2.056
106,1.303,15,1525,1540,11,1,34,1.303
107,3.815,8,1310,1318,1,70,35,3.815
108,3.804,7,1325,1332,6,1,35,3.804
109,1.971,5,1500,1505,1,70,35,1.971
110,2.076,5,1510,1515,6,1,35,2.076
111,0.235,3,1700,1703,1,40,35,0.235
112,0.235,3,1830,1833,11,1,35,0.235
113,92.595,120,900,1100,1,80,36,92.595
114,109.268,170,1110,1400,13,50,36,109.268
115,19.685,35,1300,1335,17,1,37,19.685
116,2.691,10,1410,1420,1,50,37,2.691
117,2.686,10,1805,1815,17,1,37,2.686
118,19.679,35,2000,2035,1,50,37,19.679
119,2.053,30,930,1000,14,40,38,2.053
120,2.189,15,1015,1030,14,1,38,2.189
121,1.067,5,930,935,1,80,39,1.067
122,6.772,18,1030,1048,13,30,39,6.772
123,1.208,5,1110,1115,18,40,39,1.208
124,6.558,10,1120,1130,12,40,39,6.558
125,0.443,5,1135,1140,14,1,39,0.443
126,1.573,10,1325,1335,1,40,39,1.573
127,1.557,10,1430,1440,14,1,39,1.557
128,7.124,20,740,800,1,10,40,7.124
129,7.017,25,1800,1825,3,1,40,7.017
130,0.827,5,2030,2035,1,40,40,0.827
131,0.827,5,2045,2050,11,1,40,0.827
132,44.29,50,1130,1220,7,97,41,44.29
133,44.758,70,2300,2410,7,1,41,44.758
134,16.65,36,925,1001,1,30,42,16.65
135,16.359,32,1407,1439,18,1,42,16.359
136,3.747,15,930,945,1,10,43,3.747
137,2.773,17,2020,2037,3,40,43,2.773
138,1.16,8,2050,2058,11,1,43,1.16
139,4.728,20,1140,1200,1,30,45,4.728
140,4.084,10,1335,1345,18,10,45,4.084
141,1.164,15,1630,1645,3,1,45,1.164
142,6.386,30,630,700,1,10,47,6.386
143,9.351,29,1230,1259,3,1,49,9.351
144,7.036,15,1830,1845,1,50,49,7.036
145,6.635,15,2100,2115,16,1,49,6.635
146,7.036,20,2630,2650,1,50,49,7.036
147,1.999,7,1050,1057,11,40,50,1.999
148,2.108,13,1118,1131,11,1,50,2.108
149,37.034,46,2024,2110,1,50,50,37.034
150,37.433,52,2330,2422,15,1,50,37.433
151,1.722,10,1230,1240,1,80,51,1.722
152,3.072,15,1335,1350,13,40,51,3.072
153,2.312,10,1420,1430,12,40,51,2.312
154,1.629,10,1525,1535,11,1,51,1.629
155,1.287,5,1030,1035,1,40,52,1.287
156,1.247,8,1040,1048,14,40,52,1.247
157,1.811,15,1130,1145,11,40,52,1.811
158,0.746,10,1300,1310,11,40,52,0.746
159,0.636,10,1325,1335,11,1,52,0.636
160,66.857,60,600,700,1,10,53,66.857
161,66.759,105,1600,1745,3,1,53,66.759
162,50.868,65,1153,1258,1,50,54,50.868
163,4.487,8,1408,1416,17,50,54,4.487
164,47.198,57,1811,1908,17,1,54,47.198
165,3.548,10,1220,1230,1,10,55,3.548
166,3.554,10,1830,1840,3,1,55,3.554
167,4.958,15,845,900,1,30,56,4.958
168,4.344,15,1700,1715,18,1,56,4.344
169,2.251,10,735,745,1,10,58,2.251
170,2.04,5,1910,1915,3,1,58,2.04
171,0.485,4,800,804,1,10,60,0.485
172,0.408,3,1215,1218,3,1,60,0.408
173,9.555,15,615,630,1,10,61,9.555
174,9.076,20,1800,1820,3,80,61,9.076
175,0.679,5,1835,1840,13,1,61,0.679
176,4.648,30,830,900,1,10,62,4.648
177,4.639,40,1800,1840,3,1,62,4.639
178,3.174,15,545,600,1,10,63,3.174
179,3.116,15,1830,1845,3,1,63,3.116
180,19.739,26,654,720,1,10,65,19.739
181,1.492,10,1135,1145,3,80,65,1.492
182,1.421,5,1235,1240,13,10,65,1.421
183,17.652,27,1533,1600,3,50,65,17.652
184,1.11,7,1613,1620,17,1,65,1.11
185,1.425,6,1824,1830,1,80,65,1.425
186,1.173,5,1835,1840,13,50,65,1.173
187,1.11,5,1900,1905,17,1,65,1.11
188,8.432,10,630,640,1,70,66,8.432
189,8.002,20,650,710,6,1,66,8.002
190,3.302,15,845,900,1,10,67,3.302
191,5.463,35,1645,1720,3,70,67,5.463
192,1.028,7,1721,1728,6,80,67,1.028
193,1.373,10,1735,1745,13,30,67,-1.0
194,10.871,15,2035,2050,18,70,67,10.871
195,1.917,9,2051,2100,6,1,67,1.917
196,1.17,6,805,811,1,40,68,1.17
197,0.577,5,833,838,11,40,68,0.577
198,4.197,12,859,911,11,40,68,4.197
199,3.232,14,935,949,11,1,68,3.232
200,47.518,69,1359,1508,1,10,68,47.518
201,28.351,46,1815,1901,3,80,68,28.351
202,1.384,3,1912,1915,13,40,68,1.384
203,18.345,27,1921,1948,11,1,68,18.345
204,39.714,60,600,700,1,10,71,39.714
205,39.832,60,1630,1730,3,1,71,39.832
206,3.174,14,800,814,1,1,73,3.174
207,8.837,60,1720,1820,1,80,73,8.837
208,40.677,45,635,720,13,10,74,40.677
209,11.594,40,1530,1610,3,1,74,11.594
210,42.171,60,1630,1730,3,1,74,42.171
211,9.274,15,758,813,1,10,75,9.274
212,9.502,26,1813,1839,3,1,75,9.502
213,1.551,5,1100,1105,1,80,76,1.551
214,1.527,5,1200,1205,13,1,76,1.527
215,4.391,15,1215,1230,1,40,76,4.391
216,1.34,5,1240,1245,12,40,76,1.34
217,5.094,20,1330,1350,11,1,76,5.094
218,3.017,15,1100,1115,2,40,78,3.017
219,3.073,15,1230,1245,11,10,78,3.073
220,0.252,5,1330,1335,4,10,78,0.252
221,1.245,10,1700,1710,3,40,78,1.245
222,1.497,20,1800,1820,11,1,78,1.497
223,0.516,10,700,710,1,40,79,0.516
224,2.797,20,715,735,11,70,79,2.797
225,4.138,24,736,800,6,10,79,4.138
226,0.948,5,1130,1135,3,40,79,0.948
227,1.957,8,1140,1148,14,40,79,1.957
228,2.313,10,1220,1230,14,1,79,2.313
229,1.458,10,1605,1615,1,10,79,1.458
230,4.032,25,1730,1755,3,70,79,4.032
231,3.604,29,1756,1825,6,1,79,3.604
232,0.572,12,1835,1847,1,80,79,-1.0
233,0.572,10,1950,2000,13,1,79,0.572
234,15.815,30,735,805,1,40,82,15.815
235,13.558,55,810,905,14,10,82,13.558
236,4.054,20,1720,1740,3,30,82,4.054
237,8.244,20,1820,1840,18,1,82,8.244
238,5.21,20,1935,1955,1,50,82,5.21
239,2.543,14,1344,1358,8,97,83,2.543
240,1.299,9,1419,1428,5,50,83,1.299
241,1.724,6,1435,1441,15,1,83,1.724
242,0.969,5,1700,1705,2,80,84,0.969
243,0.805,5,1710,1715,13,1,84,0.805
244,5.955,18,847,905,1,10,86,5.955
245,7.656,14,1747,1801,3,1,86,7.656
246,12.657,25,725,750,1,10,88,12.657
247,13.052,30,1610,1640,3,1,88,13.052
248,10.542,12,700,712,1,10,91,10.542
249,4.595,5,745,750,3,10,91,4.595
250,1.226,10,1730,1740,3,40,91,1.226
251,1.093,10,1755,1805,11,97,91,1.093
252,14.913,15,1930,1945,5,1,91,14.913
253,24.985,90,1200,1330,1,40,94,24.985
254,24.974,90,1500,1630,11,1,94,24.974
255,3.73,16,2102,2118,1,50,95,3.73
256,3.753,16,2152,2208,16,1,95,3.753
257,24.645,25,710,735,1,10,96,24.645
258,24.467,35,1650,1725,3,1,96,24.467
259,4.919,15,1830,1845,1,40,96,-1.0
260,3.657,10,1905,1915,11,80,96,-1.0
261,26.96,55,1935,2030,13,50,96,-1.0
262,40.964,30,2445,2515,15,80,96,-1.0
263,5.526,10,2530,2540,13,1,96,-1.0
264,21.422,40,620,700,1,10,97,21.422
265,21.8,45,1700,1745,3,1,97,21.8
266,0.181,5,815,820,1,40,98,0.181
267,26.443,32,825,857,11,10,98,26.443
268,26.601,40,1700,1740,3,1,98,26.601
269,0.937,5,1830,1835,1,40,98,0.937
270,1.97,15,1900,1915,11,40,98,1.97
271,2.063,23,1920,1943,12,70,98,2.063
272,3.85,25,2000,2025,6,1,98,3.85
273,3.716,20,815,835,1,10,99,3.716
274,4.293,20,1600,1620,3,1,99,4.293
275,0.853,10,1830,1840,1,50,99,-1.0
276,3.159,20,1930,1950,16,80,99,-1.0
277,4.0,30,2330,2400,15,1,99,4.0
278,3.674,8,1247,1255,7,1,100,3.674
279,1.342,10,1410,1420,1,50,100,-1.0
280,1.342,11,1600,1611,15,1,100,1.342
281,1.445,10,1210,1220,1,40,101,1.445
282,2.376,15,1230,1245,12,40,101,2.376
283,0.34,5,1300,1305,14,40,101,0.34
284,0.21,5,1310,1315,14,40,101,0.21
285,1.007,10,1400,1410,11,1,101,1.007
286,0.512,5,1545,1550,1,40,102,0.512
287,0.512,10,1700,1710,12,1,102,0.512
288,4.924,9,1232,1241,1,97,103,4.924
289,14.049,50,700,750,1,10,104,14.049
290,1.015,5,1645,1650,3,50,104,1.015
291,14.708,20,1830,1850,16,1,104,14.708
292,10.142,20,620,640,1,80,106,10.142
293,2.876,10,747,757,7,50,106,2.876
294,2.83,14,1015,1029,16,40,106,2.83
295,12.509,19,1034,1053,11,40,106,12.509
296,3.988,10,1102,1112,12,1,106,3.988
297,8.492,12,610,622,1,10,107,8.492
298,4.263,8,1504,1512,3,40,107,4.263
299,2.37,10,1519,1529,14,40,107,2.37
300,2.919,9,1537,1546,12,40,107,2.919
301,1.543,13,1555,1608,11,1,107,1.543
302,13.338,20,930,950,1,10,108,13.338
303,13.327,20,1830,1850,3,1,108,13.327
304,24.787,25,455,520,1,50,111,24.787
305,0.24,5,655,700,16,10,111,0.24
306,25.14,75,1530,1645,3,40,111,25.14
307,0.177,5,1700,1705,11,40,111,0.177
308,0.373,10,1730,1740,11,1,111,0.373
309,14.79,50,655,745,1,10,112,14.79
310,111.766,125,954,1159,3,10,112,111.766
311,0.484,6,1224,1230,3,10,112,0.484
312,81.752,146,1443,1709,3,40,112,81.752
313,36.893,39,1719,1758,11,1,112,36.893
314,11.904,21,1835,1856,1,70,113,11.904
315,11.865,21,2243,2304,6,1,113,11.865
316,155.781,270,800,1230,1,50,115,155.781
317,25.603,55,1645,1740,8,50,116,25.603
318,26.205,50,1940,2030,17,1,116,26.205
319,15.255,20,730,750,1,70,117,15.255
320,3.577,10,755,805,6,80,117,3.577
321,12.286,20,900,920,13,97,117,12.286
322,0.985,3,925,928,97,1,117,0.985
323,3.545,10,1545,1555,1,50,117,3.545
324,4.656,15,1610,1625,15,50,117,-1.0
325,7.74,15,1900,1915,15,1,117,7.74
326,10.157,29,1551,1620,2,50,118,10.157
327,10.425,18,2121,2139,17,1,118,10.425
328,4.366,15,1345,1400,1,40,120,4.366
329,5.696,15,1445,1500,11,1,120,5.696
330,2.701,10,720,730,1,10,123,2.701
331,2.7,10,1730,1740,3,1,123,2.7
332,6.138,25,815,840,1,10,124,6.138
333,6.472,20,1730,1750,3,1,124,6.472
334,4.419,15,700,715,1,10,125,-1.0
335,18.589,30,715,745,4,10,125,18.589
336,1.939,20,746,806,4,10,125,1.939
337,1.93,11,807,818,4,10,125,1.93
338,0.689,3,819,822,4,10,125,0.689
339,3.217,17,823,840,4,10,125,3.217
340,21.538,37,841,918,4,1,125,21.538
341,4.491,25,1700,1725,3,1,125,-1.0
342,0.263,2,925,927,1,10,127,0.263
343,0.263,3,1400,1403,3,1,127,0.263
344,12.864,27,721,748,1,10,128,12.864
345,11.669,26,1510,1536,3,40,128,11.669
346,0.153,8,1743,1751,12,80,128,0.153
347,1.043,6,2050,2056,13,1,128,1.043
348,14.308,30,810,840,1,10,129,14.308
349,13.828,45,1635,1720,3,1,129,13.828
350,4.501,20,800,820,1,20,130,4.501
351,4.868,21,1220,1241,8,1,130,4.868
352,2.5,15,1303,1318,1,40,130,2.5
353,2.5,12,1343,1355,11,1,130,2.5
354,0.313,1,900,901,1,40,131,0.313
355,0.409,1,915,916,11,1,131,0.409
356,7.944,25,705,730,1,10,132,7.944
357,2.494,20,745,805,3,10,132,2.494
358,0.665,5,1045,1050,3,80,132,0.665
359,0.665,5,1115,1120,13,10,132,0.665
360,4.941,15,1600,1615,3,10,132,4.941
361,3.036,16,1636,1652,4,40,132,3.036
362,7.909,19,1658,1717,12,1,132,7.909
363,10.739,18,500,518,1,10,133,10.739
364,10.31,10,1705,1715,3,1,133,10.31
365,0.699,15,1045,1100,1,50,134,0.699
366,0.699,5,1130,1135,17,1,134,0.699
367,3.087,12,1100,1112,1,40,136,3.087
368,0.35,3,1114,1117,14,40,136,0.35
369,2.764,15,1153,1208,11,1,136,2.764
370,17.004,45,900,945,1,70,137,17.004
371,15.08,45,1000,1045,6,50,137,15.08
372,29.569,60,1230,1330,15,50,137,29.569
373,1.137,15,1630,1645,15,80,137,1.137
374,19.638,45,1930,2015,13,70,137,19.638
375,16.522,30,2030,2100,6,1,137,16.522
376,0.93,8,445,453,1,50,138,0.93
377,0.912,3,535,538,16,1,138,0.912
378,1.528,3,725,728,1,80,138,-1.0
379,2.298,5,733,738,13,80,138,2.298
380,2.715,5,815,820,13,1,138,2.715
381,1.971,10,915,925,2,70,138,1.971
382,1.803,10,935,945,6,1,138,1.803
383,4.524,30,800,830,1,30,139,4.524
384,3.502,30,930,1000,18,30,139,3.502
385,0.303,15,1030,1045,18,40,139,0.303
386,2.66,10,1100,1110,11,40,139,2.66
387,1.256,10,1140,1150,11,1,139,1.256
388,1.465,5,745,750,1,20,140,1.465
389,1.454,11,908,919,19,1,140,1.454
390,1.359,10,1825,1835,1,50,140,1.359
391,1.359,5,1950,1955,17,1,140,1.359
392,9.752,40,730,810,1,10,141,9.752
393,10.718,52,1715,1807,3,1,141,10.718
394,0.337,7,803,810,1,10,143,0.337
395,2.569,15,1240,1255,3,10,143,2.569
396,4.85,20,1355,1415,3,40,143,4.85
397,3.661,20,1455,1515,11,40,143,3.661
398,1.438,15,1630,1645,14,80,143,1.438
399,16.666,20,1830,1850,13,97,143,16.666
400,13.406,20,830,850,1,10,144,13.406
401,9.562,29,1831,1900,7,97,144,9.562
402,21.704,32,2313,2345,7,1,144,21.704
403,3.756,16,744,800,1,30,145,3.756
404,6.288,20,855,915,18,10,145,6.288
405,6.496,25,1544,1609,3,40,145,6.496
406,0.528,6,1640,1646,11,40,145,0.528
407,3.135,16,1716,1732,11,1,145,3.135
408,23.265,60,730,830,1,10,147,23.265
409,3.415,10,1230,1240,3,50,147,3.415
410,3.716,20,1340,1400,16,10,147,3.716
411,19.134,60,1700,1800,3,40,147,19.134
412,0.276,2,1813,1815,11,40,147,0.276
413,1.108,5,1825,1830,11,1,147,1.108
414,18.442,20,730,750,1,10,150,18.442
415,18.366,15,1915,1930,3,1,150,18.366
416,12.328,35,745,820,1,10,151,12.328
417,14.924,60,1630,1730,3,1,151,14.924
418,2.05,10,930,940,1,70,152,2.05
419,13.479,35,950,1025,6,10,152,13.479
420,14.516,20,1630,1650,3,70,152,14.516
421,2.385,15,1700,1715,6,50,152,2.385
422,0.419,5,1035,1040,15,40,153,-1.0
423,35.743,97,1050,1227,12,80,153,-1.0
424,73.103,83,1242,1405,13,70,153,-1.0
425,27.681,45,1407,1452,6,1,153,-1.0
426,11.824,18,2000,2018,7,50,155,11.824
427,0.64,10,2225,2235,15,50,155,0.64
428,12.122,15,2345,2400,15,1,155,12.122
429,3.436,30,1300,1330,1,40,156,3.436
430,3.435,45,1630,1715,13,1,156,3.435
431,25.205,30,600,630,1,10,157,25.205
432,24.541,60,1530,1630,3,1,157,24.541
433,2.857,10,900,910,1,30,158,2.857
434,2.114,15,945,1000,18,40,158,2.114
435,4.629,15,1020,1035,11,1,158,4.629
436,2.518,8,900,908,1,80,159,2.518
437,1.194,11,919,930,13,10,159,1.194
438,3.969,15,1200,1215,3,50,161,3.969
439,4.091,15,1300,1315,15,1,161,4.091
440,3.135,10,810,820,1,70,163,3.135
441,4.312,10,830,840,6,10,163,4.312
442,4.319,20,1610,1630,3,70,163,4.319
443,0.389,1,1645,1646,6,40,163,0.389
444,4.457,11,1659,1710,11,1,163,4.457
445,1.701,5,910,915,1,10,166,1.701
446,5.141,13,1645,1658,3,30,166,5.141
447,4.779,15,1750,1805,18,40,166,4.779
448,0.512,2,1830,1832,11,1,166,0.512
449,3.459,15,930,945,1,10,167,3.459
450,3.485,15,1820,1835,3,1,167,3.485
451,0.522,10,1130,1140,1,40,168,0.522
452,0.401,10,1150,1200,12,80,168,0.401
453,0.606,5,1210,1215,13,1,168,0.606
454,5.232,10,1410,1420,1,40,170,5.232
455,4.028,5,1530,1535,12,40,170,4.028
456,1.491,7,1545,1552,11,1,170,1.491
457,10.819,25,920,945,1,30,171,10.819
458,16.559,25,1230,1255,18,40,171,16.559
459,11.693,60,1610,1710,14,1,171,11.693
460,9.235,15,610,625,1,10,172,9.235
461,3.663,15,1530,1545,3,40,172,3.663
462,3.633,8,1550,1558,14,1,172,3.633
463,1.708,5,1745,1750,1,70,172,1.708
464,3.96,18,1752,1810,6,50,172,3.96
465,6.857,15,2210,2225,15,70,172,6.857
466,1.708,8,2227,2235,6,1,172,-1.0
467,60.37,90,500,630,1,10,173,60.37
468,1.341,10,845,855,3,10,175,1.341
469,1.309,13,1745,1758,3,1,175,1.309
470,4.566,20,1250,1310,1,40,176,4.566
471,4.81,20,1400,1420,11,1,176,4.81
472,1.798,10,850,900,1,10,177,1.798
473,4.872,30,1200,1230,3,40,177,4.872
474,0.257,5,1300,1305,11,40,177,0.257
475,4.165,25,1335,1400,11,50,177,4.165
476,4.479,15,1500,1515,16,1,177,4.479
477,5.965,16,715,731,1,10,178,5.965
478,9.148,13,1140,1153,3,80,178,9.148
479,8.614,18,1213,1231,13,10,178,8.614
480,6.696,20,1700,1720,3,1,178,6.696
481,6.752,45,1815,1900,2,50,179,6.752
482,6.342,20,2530,2550,17,1,179,6.342
483,1.618,10,1510,1520,1,80,181,-1.0
484,12.376,55,1615,1710,13,50,181,-1.0
485,11.651,30,1730,1800,17,1,181,-1.0
486,3.165,25,1500,1525,1,20,182,3.165
487,3.385,25,1715,1740,8,1,182,3.385
488,6.0,15,900,915,2,50,183,6.0
489,5.574,18,1045,1103,16,1,183,5.574
490,32.614,75,1215,1330,1,50,184,-1.0
491,36.228,75,1715,1830,15,1,184,-1.0
492,1.523,1,607,608,2,50,185,1.523
493,0.826,3,707,710,16,40,185,0.826
494,1.053,7,745,752,11,1,185,1.053
495,1.01,5,1602,1607,2,50,185,1.01
496,1.038,5,1645,1650,16,1,185,1.038
497,4.967,15,845,900,1,20,188,4.967
498,1.085,12,1210,1222,19,40,188,1.085
499,6.525,24,1234,1258,11,1,188,6.525
500,29.263,50,815,905,1,10,189,29.263
501,0.701,15,1400,1415,3,80,189,0.701
502,0.712,10,1420,1430,13,10,189,0.712
503,29.448,45,1730,1815,3,1,189,29.448
504,123.56,210,1500,1830,1,50,190,123.56
505,6.978,55,1920,2015,15,50,190,6.978
506,122.729,150,2230,2500,15,1,190,122.729
507,3.051,10,920,930,1,40,191,3.051
508,8.272,10,940,950,11,10,191,8.272
509,9.716,15,2200,2215,3,1,191,9.716
510,44.404,75,730,845,1,20,192,44.404
511,1.244,5,1530,1535,8,80,192,1.244
512,42.241,60,1600,1700,13,1,192,42.241
513,5.907,20,1730,1750,1,10,192,5.907
514,1.918,13,2237,2250,3,70,192,1.918
515,6.106,12,2330,2342,6,1,192,6.106
516,4.24,15,1345,1400,1,10,193,4.24
517,4.292,15,2200,2215,3,1,193,4.292
518,10.502,20,1540,1600,2,70,195,10.502
519,15.908,50,1620,1710,6,40,195,15.908
520,5.862,10,1735,1745,11,1,195,5.862
521,3.464,10,705,715,1,10,197,3.464
522,3.415,17,1615,1632,3,1,197,3.415
523,49.614,60,900,1000,1,10,198,49.614
524,12.394,30,1100,1130,3,10,198,12.394
525,11.872,30,1230,1300,3,10,198,11.872
526,18.211,20,1400,1420,3,10,198,18.211
527,14.139,30,1530,1600,3,10,198,14.139
528,47.188,60,1700,1800,3,1,198,47.188
529,13.731,22,600,622,1,10,199,13.731
530,13.636,23,1827,1850,3,1,199,13.636
531,21.996,45,800,845,1,1,200,21.996
532,20.905,75,1715,1830,2,1,200,20.905
533,1.204,5,1315,1320,1,97,202,1.204
534,52.262,50,1330,1420,5,30,202,52.262
535,9.466,25,1445,1510,18,40,202,9.466
536,0.403,5,1545,1550,11,40,202,0.403
537,42.441,50,1640,1730,11,1,202,42.441
538,1.124,15,900,915,1,70,204,1.124
539,1.237,5,930,935,6,70,204,1.237
540,1.124,10,1200,1210,6,70,204,1.124
541,1.237,10,1230,1240,6,70,204,1.237
542,18.968,24,1326,1350,17,50,205,18.968
543,12.845,22,2225,2247,17,1,205,12.845
544,7.376,20,800,820,1,10,206,7.376
545,7.772,15,1630,1645,3,1,206,7.772
546,22.346,38,545,623,1,10,207,22.346
547,22.703,42,1404,1446,4,1,207,22.703
548,14.606,30,630,700,1,10,209,14.606
549,14.899,60,1630,1730,3,50,209,14.899
550,3.558,15,1930,1945,16,1,209,3.558
551,0.753,10,1550,1600,1,40,210,0.753
552,0.403,7,1628,1635,11,40,210,-1.0
553,0.804,10,1700,1710,11,1,210,-1.0
554,6.972,15,925,940,1,50,211,6.972
555,6.48,10,1130,1140,16,40,211,6.48
556,3.895,9,1220,1229,11,1,211,3.895
557,2.117,10,1820,1830,1,40,211,-1.0
558,1.758,5,1840,1845,11,40,211,-1.0
559,0.183,3,1850,1853,12,50,211,-1.0
560,4.101,13,2130,2143,15,1,211,-1.0
561,6.839,12,1348,1400,1,97,212,6.839
562,8.066,12,1405,1417,5,1,212,8.066
563,2.982,14,1153,1207,1,80,214,2.982
564,4.194,16,1318,1334,13,1,214,4.194
565,14.159,35,1510,1545,1,97,214,-1.0
566,7.556,19,1548,1607,6,50,214,7.556
567,6.431,20,1647,1707,17,1,214,6.431
568,2.092,20,1030,1050,1,80,216,2.092
569,4.659,15,1115,1130,13,10,216,4.659
570,6.19,25,1255,1320,4,10,216,6.19
571,0.806,10,1330,1340,3,10,216,0.806
572,0.412,10,1500,1510,3,40,216,0.412
573,0.412,10,1630,1640,12,1,216,0.412
574,4.226,15,900,915,1,20,217,4.226
575,1.129,10,1030,1040,19,40,217,1.129
576,2.004,12,1100,1112,11,1,217,2.004
577,1.419,5,805,810,1,50,218,1.419
578,1.419,5,845,850,16,10,218,1.419
579,36.876,45,1030,1115,3,50,218,36.876
580,3.863,10,1240,1250,17,40,218,3.863
581,1.655,5,1310,1315,11,50,218,1.655
582,6.77,15,1450,1505,17,40,218,6.77
583,25.193,35,1535,1610,11,1,218,25.193
584,4.447,15,830,845,1,10,220,4.447
585,4.463,13,1233,1246,3,1,220,4.463
586,4.447,14,1322,1336,1,10,220,4.447
587,4.463,17,1900,1917,3,1,220,4.463
588,13.624,25,720,745,1,10,221,13.624
589,14.955,20,1300,1320,4,10,221,14.955
590,6.352,15,1815,1830,3,80,221,6.352
591,8.642,20,2100,2120,13,1,221,8.642
592,22.13,31,735,806,1,10,222,22.13
593,9.453,20,1315,1335,3,10,222,9.453
594,20.206,45,1515,1600,4,1,222,20.206
595,6.332,25,625,650,1,70,223,6.332
596,4.881,15,900,915,11,40,224,4.881
597,3.592,15,1015,1030,11,1,224,3.592
598,4.6,20,1300,1320,1,40,225,4.6
599,0.163,1,1340,1341,11,40,225,0.163
600,0.22,1,1415,1416,11,80,225,0.22
601,4.432,12,1435,1447,13,1,225,4.432
602,8.096,30,1043,1113,1,80,226,8.096
603,22.147,43,1157,1240,13,50,226,22.147
604,18.185,56,1605,1701,15,40,226,18.185
605,11.486,30,1713,1743,11,1,226,-1.0
606,0.016,1,725,726,1,70,227,0.016
607,15.926,24,740,804,6,70,227,15.926
608,15.675,29,822,851,6,1,227,15.675
609,1.921,10,820,830,1,10,228,1.921
610,0.632,10,1500,1510,3,40,228,0.632
611,0.656,10,1540,1550,11,10,228,0.656
612,1.93,10,1600,1610,3,1,228,1.93
613,16.683,55,1030,1125,1,10,229,16.683
614,16.705,60,2000,2100,3,1,229,16.705
615,3.024,8,420,428,1,10,230,3.024
616,3.018,10,1010,1020,3,1,230,3.018
617,1.671,8,1332,1340,1,40,230,-1.0
618,1.606,5,1350,1355,14,40,230,1.606
619,2.282,7,1438,1445,11,1,230,-1.0
620,10.944,30,1220,1250,1,80,232,10.944
621,11.105,35,1415,1450,13,80,232,11.105
622,5.572,15,1625,1640,7,1,232,5.572
623,17.859,40,1650,1730,1,70,232,17.859
624,2.187,10,1800,1810,6,50,232,2.187
625,20.32,30,2230,2300,17,1,232,20.32
626,1.452,12,1558,1610,1,40,233,-1.0
627,1.584,10,1620,1630,11,1,233,-1.0
628,22.394,60,617,717,1,10,234,22.394
629,4.258,15,1000,1015,2,10,235,4.258
630,4.25,30,1730,1800,3,1,235,-1.0
631,8.018,15,715,730,1,10,236,8.018
632,7.885,15,1730,1745,3,1,236,7.885
633,6.094,30,1530,1600,1,10,240,6.094
634,6.461,20,2140,2200,3,1,240,6.461
635,2.76,8,900,908,1,40,241,2.76
636,0.416,3,919,922,11,80,241,0.416
637,3.412,10,925,935,13,1,241,3.412
638,1.782,10,1440,1450,1,40,241,1.782
639,1.786,11,1504,1515,11,1,241,1.786
640,2.735,10,1525,1535,1,40,241,2.735
641,0.162,2,1545,1547,14,40,241,0.162
642,0.204,2,1709,1711,11,40,241,0.204
643,0.09,5,1720,1725,11,40,241,0.09
644,2.727,15,1730,1745,14,1,241,2.727
645,3.392,10,850,900,1,80,242,3.392
646,14.969,25,910,935,13,10,242,14.969
647,22.055,30,1030,1100,3,10,242,22.055
648,22.241,30,1205,1235,4,10,242,22.241
649,1.361,5,1320,1325,3,80,242,1.361
650,0.742,5,1420,1425,13,10,242,0.742
651,16.37,30,1800,1830,3,80,242,16.37
652,1.991,5,1840,1845,13,1,242,1.991
653,18.992,50,730,820,1,10,243,18.992
654,12.995,45,1645,1730,3,40,243,12.995
655,2.258,15,1745,1800,14,40,243,2.258
656,2.673,15,1810,1825,12,1,243,2.673
657,3.498,5,900,905,1,10,245,3.498
658,4.0,60,1200,1300,3,1,245,4.0
659,3.454,30,1630,1700,1,1,245,3.454
660,0.166,1,1800,1801,1,40,245,0.166
661,0.166,5,1830,1835,11,1,245,0.166
662,1.124,10,1420,1430,1,10,247,1.124
663,1.387,5,2300,2305,3,1,247,1.387
664,3.436,15,1000,1015,1,40,248,3.436
665,2.36,20,1025,1045,14,40,248,2.36
666,5.254,15,1215,1230,14,1,248,5.254
667,2.037,20,910,930,1,10,249,2.037
668,2.113,15,1830,1845,17,1,249,2.113
669,11.031,26,1330,1356,1,40,250,11.031
670,10.177,25,1547,1612,11,1,250,10.177
671,3.592,17,1745,1802,1,50,250,3.592
672,3.479,12,2110,2122,15,1,250,-1.0
673,0.467,5,900,905,1,70,251,0.467
674,0.469,15,915,930,6,1,251,0.469
675,5.232,10,1410,1420,1,40,253,5.232
676,4.028,5,1530,1535,12,40,253,4.028
677,1.491,7,1545,1552,11,1,253,1.491
678,1.912,50,710,800,7,70,254,1.912
679,1.325,15,2100,2115,6,1,254,1.325
680,1.595,12,840,852,1,70,255,1.595
681,14.611,30,853,923,6,10,255,14.611
682,10.103,31,1836,1907,3,70,255,10.103
683,3.354,8,1932,1940,6,1,255,3.354
684,5.098,15,530,545,1,10,256,5.098
685,6.343,36,1300,1336,3,40,256,6.343
686,10.062,77,1415,1532,12,1,256,-1.0
687,5.098,15,1545,1600,1,50,256,-1.0
688,4.369,15,1700,1715,16,40,256,-1.0
689,0.869,5,1720,1725,11,1,256,-1.0
690,3.439,15,930,945,1,40,257,3.439
691,0.719,5,1025,1030,11,40,257,0.719
692,3.683,15,1145,1200,11,1,257,3.683
693,3.522,15,1830,1845,1,50,257,3.522
694,3.527,10,1950,2000,16,1,257,3.527
695,1.782,8,900,908,1,40,258,1.782
696,1.773,15,920,935,14,1,258,1.773
697,18.015,30,630,700,1,10,259,18.015
698,17.994,30,1530,1600,3,1,259,17.994
699,15.724,30,1100,1130,1,80,260,15.724
700,10.081,15,1245,1300,13,40,260,10.081
701,8.636,15,1345,1400,11,40,260,8.636
702,0.392,5,1405,1410,14,50,260,0.392
703,0.458,5,1530,1535,17,50,260,0.458
704,6.361,15,1645,1700,17,40,260,6.361
705,0.888,5,1720,1725,11,1,260,0.888
706,4.427,11,700,711,1,40,261,4.427
707,10.384,27,717,744,11,10,261,10.384
708,2.504,11,1145,1156,3,50,261,2.504
709,2.307,15,1315,1330,16,10,261,2.307
710,13.266,33,1830,1903,3,1,261,13.266
711,13.181,20,1500,1520,1,10,262,13.181
712,0.255,5,1730,1735,3,40,262,0.255
713,0.255,5,1745,1750,11,70,262,0.255
714,12.18,20,1800,1820,6,1,262,12.18
715,10.518,40,1820,1900,1,50,266,10.518
716,10.267,30,2020,2050,16,1,266,10.267
717,5.241,15,1000,1015,1,50,267,5.241
718,6.028,15,1130,1145,17,1,267,6.028
719,1.373,10,1800,1810,1,40,267,1.373
720,1.285,10,1830,1840,11,1,267,1.285
721,24.617,40,430,510,1,80,268,24.617
722,2.302,15,520,535,13,10,268,2.302
723,21.5,50,1630,1720,3,40,268,21.5
724,10.982,30,1830,1900,11,40,268,10.982
725,3.105,15,1910,1925,11,1,268,3.105
726,1.857,5,745,750,1,10,269,1.857
727,4.853,20,1000,1020,3,10,269,4.853
728,1.22,10,1050,1100,3,10,269,1.22
729,1.247,15,1215,1230,3,10,269,1.247
730,1.22,10,1400,1410,3,10,269,1.22
731,4.171,30,1500,1530,3,1,269,4.171
732,21.891,45,700,745,1,10,270,21.891
733,20.624,135,1645,1900,3,1,270,20.624
734,22.811,20,1025,1045,1,10,272,22.811
735,22.917,15,2145,2200,3,1,272,22.917
736,2.34,15,1005,1020,1,40,273,2.34
737,6.132,35,1100,1135,11,10,273,6.132
738,9.04,45,2015,2100,3,1,273,9.04
739,6.72,30,1000,1030,1,10,274,6.72
740,1.221,5,2000,2005,3,50,274,1.221
741,7.856,30,2300,2330,15,1,274,7.856
742,14.538,45,715,800,1,10,276,14.538
743,0.349,2,1158,1200,3,50,276,0.349
744,3.036,11,1245,1256,15,10,276,3.036
745,10.523,47,1708,1755,3,40,276,10.523
746,1.727,10,1800,1810,11,1,276,1.727
747,3.543,15,1200,1215,1,10,277,3.543
748,3.408,15,1445,1500,3,1,277,3.408
749,2.205,10,1610,1620,1,40,277,2.205
750,2.142,15,1645,1700,11,1,277,2.142
751,5.011,18,812,830,1,40,279,5.011
752,2.282,15,930,945,11,40,279,2.282
753,1.952,10,1030,1040,11,40,279,1.952
754,1.561,7,1120,1127,11,1,279,1.561
755,2.99,10,1330,1340,1,40,280,2.99
756,2.723,10,1415,1425,11,40,280,2.723
757,1.084,5,1445,1450,11,1,280,1.084
758,7.538,15,1810,1825,1,50,280,7.538
759,0.864,5,1835,1840,17,50,280,0.864
760,7.419,10,1910,1920,17,1,280,7.419
761,36.548,55,800,855,1,20,282,36.548
762,37.512,60,2200,2300,8,1,282,37.512
763,7.283,20,830,850,1,50,285,7.283
764,5.314,20,1025,1045,16,40,285,5.314
765,3.073,15,1100,1115,11,1,285,3.073
766,9.752,18,618,636,1,10,286,9.752
767,6.177,15,1220,1235,3,40,286,6.177
768,6.067,14,1250,1304,11,10,286,6.067
769,10.051,41,1722,1803,3,1,286,10.051
770,0.808,5,1000,1005,1,10,287,0.808
771,2.516,5,1250,1255,3,80,287,2.516
772,3.093,5,1400,1405,13,10,287,3.093
773,0.526,10,1840,1850,3,80,287,0.526
774,1.754,10,2015,2025,13,1,287,1.754
775,3.67,12,645,657,1,10,289,3.67
776,2.951,13,1721,1734,3,40,289,2.951
777,2.734,12,1802,1814,11,1,289,2.734
778,34.225,45,700,745,1,10,290,34.225
779,33.913,50,1400,1450,4,1,290,33.913
780,7.399,15,1100,1115,1,10,291,7.399
781,7.758,20,1400,1420,3,40,291,7.758
782,14.469,20,1550,1610,11,1,291,14.469
783,9.555,15,615,630,1,10,292,9.555
784,9.076,20,1800,1820,3,80,292,9.076
785,0.679,5,1835,1840,13,1,292,0.679
786,3.067,5,830,835,2,50,293,3.067
787,2.628,5,930,935,16,1,293,2.628
788,7.778,10,1030,1040,2,40,293,7.778
789,6.948,10,1100,1110,11,1,293,6.948
790,37.229,50,1410,1500,2,10,293,37.229
791,36.77,55,1520,1615,3,1,293,36.77
792,0.213,1,729,730,1,10,294,0.213
793,7.29,15,1530,1545,1,50,294,-1.0
794,6.863,15,1645,1700,17,70,294,6.863
795,4.179,11,1701,1712,1,40,294,-1.0
796,4.462,10,1717,1727,14,1,294,4.462
797,9.077,20,830,850,19,20,295,9.077
798,9.078,25,935,1000,1,20,295,-1.0
799,10.76,20,1500,1520,19,1,295,10.76
800,10.76,20,1630,1650,19,1,295,10.76
801,10.489,15,2330,2345,1,10,295,10.489
802,1.493,15,700,715,3,20,296,1.493
803,1.482,70,1400,1510,8,1,296,1.482
804,6.674,15,1500,1515,1,40,298,6.674
805,5.772,15,1530,1545,11,40,298,5.772
806,1.45,10,1630,1640,11,1,298,-1.0
807,1.461,5,1835,1840,1,50,298,1.461
808,1.461,10,1930,1940,15,1,298,1.461
809,5.042,14,902,916,1,10,299,5.042
810,5.209,30,1746,1816,3,1,299,5.209
811,30.049,43,1938,2021,1,50,299,30.049
812,30.337,38,2310,2348,17,1,299,30.337
813,3.762,10,750,800,1,10,300,3.762
814,3.318,10,1300,1310,3,1,300,3.318
815,22.708,40,730,810,1,10,301,22.708
816,22.709,35,1925,2000,3,1,301,22.709
817,1.018,5,1930,1935,1,40,302,1.018
818,1.018,5,2130,2135,11,1,302,1.018
819,10.512,20,910,930,1,10,303,10.512
820,23.182,45,1130,1215,3,10,303,23.182
821,16.149,30,1500,1530,3,80,303,16.149
822,15.631,35,1545,1620,13,1,303,15.631
823,32.706,40,1800,1840,1,50,304,32.706
824,32.768,50,2130,2220,17,1,304,32.768
825,14.494,45,715,800,1,10,305,14.494
826,15.124,45,1730,1815,3,40,305,15.124
827,1.234,15,1845,1900,11,1,305,1.234
828,26.497,60,2100,2200,1,1,306,26.497
829,1.465,7,853,900,1,10,307,1.465
830,2.628,15,1700,1715,3,1,307,2.628
831,10.534,20,1830,1850,1,40,307,10.534
832,10.378,19,1911,1930,11,1,307,10.378
833,64.5,136,750,1006,1,10,308,64.5
834,0.399,10,1230,1240,3,80,308,0.399
835,0.196,10,1330,1340,13,10,308,0.196
836,0.384,5,1355,1400,4,10,308,0.384
837,64.235,140,1745,2005,3,1,308,64.235
838,1.272,6,1045,1051,1,30,309,1.272
839,1.038,14,1142,1156,18,1,309,1.038
840,3.953,19,838,857,1,40,310,3.953
841,1.187,5,913,918,12,10,310,1.187
842,0.954,6,1234,1240,3,80,310,0.954
843,1.084,4,1349,1353,13,10,310,1.084
844,3.312,13,1619,1632,3,1,310,3.312
845,6.072,20,900,920,1,20,311,6.072
846,0.642,10,1130,1140,19,80,311,0.642
847,6.52,30,1330,1400,13,1,311,6.52
848,3.987,15,640,655,1,10,312,3.987
849,3.99,15,1530,1545,3,1,312,3.99
850,0.712,3,722,725,1,50,313,0.712
851,0.712,3,830,833,16,1,313,0.712
852,1.809,10,750,800,1,10,315,1.809
853,1.068,10,1700,1710,3,50,315,1.068
854,2.223,15,1830,1845,16,1,315,2.223
855,16.738,65,910,1015,1,1,316,16.738
856,16.601,40,1830,1910,2,1,316,16.601
857,1.963,15,1545,1600,1,30,318,1.963
858,2.632,15,1700,1715,18,40,318,2.632
859,1.145,8,1730,1738,14,1,318,1.145
860,2.833,15,815,830,1,10,319,2.833
861,2.832,15,1500,1515,3,50,319,2.832
862,15.886,28,1250,1318,16,50,320,15.886
863,15.946,59,1602,1701,15,1,320,15.946
864,9.416,21,2032,2053,1,80,320,9.416
865,9.994,24,2201,2225,13,1,320,9.994
866,2.983,7,627,634,1,10,321,2.983
867,2.984,8,1200,1208,3,1,321,2.984
868,2.983,8,1250,1258,1,1,321,2.983
869,2.984,9,1645,1654,2,1,321,2.984
870,22.31,33,655,728,1,10,322,22.31
871,30.098,65,1600,1705,3,40,322,30.098
872,5.222,25,1727,1752,14,40,322,5.222
873,1.23,8,1803,1811,11,30,322,1.23
874,5.776,15,1845,1900,18,1,322,5.776
875,11.756,31,845,916,1,10,323,11.756
876,8.068,22,1830,1852,3,40,323,8.068
877,3.454,12,1912,1924,11,1,323,3.454
878,8.784,25,1025,1050,1,10,324,8.784
879,4.927,15,1725,1740,3,40,324,4.927
880,5.573,8,1850,1858,11,1,324,5.573
881,7.199,60,800,900,1,1,325,7.199
882,4.6,90,1830,2000,2,50,325,4.6
883,3.364,30,2230,2300,15,1,325,3.364
884,6.477,14,857,911,1,10,326,6.477
885,3.326,19,1725,1744,3,1,326,3.326
886,4.109,6,1840,1846,1,40,326,4.109
887,12.665,13,1905,1918,14,40,326,12.665
888,10.058,14,2020,2034,11,1,326,10.058
889,2.628,7,845,852,1,20,327,2.628
890,2.604,7,1100,1107,19,1,327,2.604
891,4.248,11,1140,1151,1,70,327,4.248
892,65.474,120,1600,1800,17,1,328,65.474
893,1.465,5,745,750,1,20,329,1.465
894,1.454,11,908,919,19,1,329,1.454
895,1.359,10,1825,1835,1,50,329,1.359
896,1.359,5,1950,1955,17,1,329,1.359
897,2.195,15,1315,1330,1,40,330,2.195
898,2.223,7,1442,1449,12,1,330,2.223
899,0.852,8,1820,1828,1,80,330,0.852
900,0.599,8,2017,2025,13,80,330,0.599
901,1.425,4,901,905,16,40,331,1.425
902,2.16,10,915,925,11,40,331,2.16
903,3.682,15,1045,1100,13,50,331,3.682
904,1.019,10,1950,2000,6,50,332,-1.0
905,1.033,13,2047,2100,16,1,332,-1.0
906,0.234,5,1000,1005,1,10,334,0.234
907,0.234,5,1430,1435,3,1,334,0.234
908,5.347,20,1500,1520,1,40,334,5.347
909,5.717,20,1620,1640,11,1,334,5.717
910,0.234,5,1655,1700,1,10,334,0.234
911,0.234,5,1955,2000,3,1,334,0.234
912,6.384,16,1016,1032,1,50,335,-1.0
913,4.087,7,1414,1421,15,40,335,-1.0
914,2.404,6,1424,1430,11,1,335,-1.0
915,4.682,12,1846,1858,1,50,335,-1.0
916,4.683,12,2101,2113,15,1,335,-1.0
917,5.871,18,808,826,1,10,336,5.871
918,6.028,28,1704,1732,3,1,336,6.028
919,8.128,19,1901,1920,1,20,336,8.128
920,6.756,10,2140,2150,19,80,336,6.756
921,1.597,10,2207,2217,13,1,336,1.597
922,0.778,15,1030,1045,1,40,337,0.778
923,0.85,15,1100,1115,14,40,337,0.85
924,2.845,35,1140,1215,11,40,337,2.845
925,0.824,10,1230,1240,11,40,337,0.824
926,3.493,10,1330,1340,11,1,337,3.493
927,39.252,60,1030,1130,1,1,338,39.252
928,0.459,1,720,721,1,40,340,0.459
929,0.471,1,731,732,11,1,340,0.471
930,1.69,4,837,841,1,30,340,1.69
931,1.591,6,932,938,18,70,340,1.591
932,11.8,17,943,1000,6,50,340,11.8
933,11.646,17,1225,1242,16,70,340,11.646
934,0.474,2,1244,1246,6,10,340,0.474
935,0.813,2,1912,1914,3,40,340,0.813
936,2.621,7,1924,1931,11,1,340,2.621
937,0.749,9,1052,1101,1,40,341,-1.0
938,0.284,3,1107,1110,14,40,341,-1.0
939,0.879,6,1140,1146,14,1,341,-1.0
940,11.97,28,1518,1546,1,10,341,11.97
941,11.469,16,2016,2032,3,1,341,11.469
942,6.008,20,710,730,1,1,342,6.008
943,3.326,10,1530,1540,2,40,342,3.326
944,3.835,10,1620,1630,11,1,342,3.835
945,1.447,10,1315,1325,1,40,343,1.447
946,1.483,10,1450,1500,11,1,343,1.483
947,3.098,20,710,730,1,10,345,3.098
948,2.718,10,1100,1110,3,40,345,2.718
949,0.44,3,1120,1123,14,1,345,0.44
950,3.098,15,1150,1205,1,10,345,3.098
951,10.334,35,1550,1625,3,40,345,10.334
952,11.584,30,1840,1910,12,1,345,11.584
953,39.895,60,800,900,1,10,347,39.895
954,39.805,60,1900,2000,3,1,347,39.805
955,21.902,35,1015,1050,1,10,348,21.902
956,22.145,40,1200,1240,3,1,348,22.145
957,25.286,55,1330,1425,1,30,348,25.286
958,25.476,75,1615,1730,18,1,348,25.476
959,8.72,12,828,840,1,10,349,8.72
960,2.877,5,1331,1336,3,10,349,2.877
961,6.499,11,1339,1350,4,1,349,6.499
962,1.119,10,1920,1930,1,80,350,1.119
963,1.119,8,1935,1943,13,1,350,1.119
964,19.967,30,515,545,1,80,352,19.967
965,4.558,10,600,610,13,10,352,4.558
966,22.396,70,1600,1710,3,1,352,22.396
967,2.302,5,445,450,1,10,353,2.302
968,3.54,5,1415,1420,3,1,353,3.54
969,2.646,15,845,900,1,50,355,2.646
970,3.703,15,1100,1115,15,1,355,3.703
971,1.363,11,1305,1316,1,40,356,1.363
972,1.392,13,1419,1432,11,1,356,1.392
973,0.426,3,925,928,1,10,357,0.426
974,0.317,4,1011,1015,3,80,357,0.317
975,2.998,15,1025,1040,13,40,357,2.998
976,3.389,20,1055,1115,14,1,357,3.389
977,0.426,3,1800,1803,1,1,357,0.426
978,19.287,25,635,700,1,10,359,19.287
979,18.651,30,1330,1400,3,1,359,18.651
980,21.902,35,1015,1050,1,10,360,21.902
981,22.145,40,1200,1240,3,1,360,22.145
982,25.286,55,1330,1425,1,30,360,25.286
983,25.476,75,1615,1730,18,1,360,25.476
984,36.261,52,1240,1332,1,10,361,36.261
985,0.857,5,1728,1733,3,80,361,0.857
986,37.27,55,1741,1836,13,1,361,37.27
987,6.508,17,2047,2104,1,70,361,6.508
988,10.159,25,2106,2131,6,70,361,10.159
989,12.182,24,2204,2228,6,1,361,12.182
990,13.16,23,1100,1123,1,40,362,13.16
991,6.153,13,1300,1313,12,40,362,6.153
992,2.182,6,1316,1322,12,40,362,2.182
993,3.899,11,1349,1400,11,40,362,3.899
994,0.587,6,1407,1413,12,1,362,0.587
